# oST version 5.0 parameters


[image]

width
752

height
480

[narrow_stereo/left]

camera matrix
366.317482 0.000000 386.106064
0.000000 367.959983 235.428427
0.000000 0.000000 1.000000

distortion
-0.255279 0.047749 0.002282 -0.001449 0.000000

rectification
0.999170 0.002775 0.040638
-0.002109 0.999863 -0.016418
-0.040678 0.016318 0.999039

projection
322.967352 0.000000 362.840622 0.000000
0.000000 322.967352 242.607819 0.000000
0.000000 0.000000 1.000000 0.000000

# oST version 5.0 parameters


[image]

width
752

height
480

[narrow_stereo/right]

camera matrix
364.226764 0.000000 362.187821
0.000000 366.439817 249.905550
0.000000 0.000000 1.000000

distortion
-0.247166 0.045072 -0.001611 0.000808 0.000000

rectification
0.999763 0.018663 -0.011241
-0.018477 0.999694 0.016476
0.011545 -0.016265 0.999801

projection
322.967352 0.000000 362.840622 -126.543953
0.000000 322.967352 242.607819 0.000000
0.000000 0.000000 1.000000 0.000000

