image_width: 752
image_height: 480
camera_name: stereo_left
camera_matrix: !!opencv-matrix
  rows: 3
  cols: 3
  dt: d
  data: [370.013128, 0.0, 376.019643, 0.0, 370.591069, 243.559521, 0.0, 0.0, 1.0]
distortion_model: plumb_bob
distortion_coefficients: !!opencv-matrix
  rows: 1
  cols: 5
  dt: d
  data: [-0.266126, 0.053003, -0.001336, 0.000365, 0.0]
rectification_matrix: !!opencv-matrix
  rows: 3
  cols: 3
  dt: d
  data: [1.0, 0.0, 0.0, 0.0, 1.0, 0.0, 0.0, 0.0, 1.0]
projection_matrix: !!opencv-matrix
  rows: 3
  cols: 4
  dt: d
  data: [254.827194, 0.0, 376.132035, 0.0, 0.0, 321.208099, 243.212551, 0.0, 0.0, 0.0, 1.0, 0.0]
