# oST version 5.0 parameters


[image]

width
752

height
480

[narrow_stereo]

camera matrix
370.013128 0.000000 376.019643
0.000000 370.591069 243.559521
0.000000 0.000000 1.000000

distortion
-0.266126 0.053003 -0.001336 0.000365 0.000000

rectification
1.000000 0.000000 0.000000
0.000000 1.000000 0.000000
0.000000 0.000000 1.000000

projection
254.827194 0.000000 376.132035 0.000000
0.000000 321.208099 243.212551 0.000000
0.000000 0.000000 1.000000 0.000000

