# oST version 5.0 parameters


[image]

width
640

height
480

[narrow_stereo]

camera matrix
367.003109 0.000000 308.429203
0.000000 367.630866 219.665808
0.000000 0.000000 1.000000

distortion
-0.288511 0.067405 -0.000083 0.002205 0.000000

rectification
1.000000 0.000000 0.000000
0.000000 1.000000 0.000000
0.000000 0.000000 1.000000

projection
265.814117 0.000000 306.413330 0.000000
0.000000 311.583160 211.118469 0.000000
0.000000 0.000000 1.000000 0.000000

