# oST version 5.0 parameters


[image]

width
640

height
480

[narrow_stereo]

camera matrix
364.574370 0.000000 312.220798
0.000000 365.109598 240.989201
0.000000 0.000000 1.000000

distortion
-0.282608 0.066193 -0.002448 0.001918 0.000000

rectification
1.000000 0.000000 0.000000
0.000000 1.000000 0.000000
0.000000 0.000000 1.000000

projection
266.435486 0.000000 311.820313 0.000000
0.000000 312.110107 238.695526 0.000000
0.000000 0.000000 1.000000 0.000000

