image_width: 640
image_height: 480
camera_name: FILL_ME_IN
camera_matrix:
  rows: 3
  cols: 3
  data: [391.945521, 0.0, 312.385231, 0.0, 392.323973, 237.055134, 0.0, 0.0, 1.0]
distortion_model: plumb_bob
distortion_coefficients:
  rows: 1
  cols: 5
  data: [-0.297823, 0.073415, 0.000241, 0.001744, 0.0]
rectification_matrix:
  rows: 3
  cols: 3
  data: [1.0, 0.0, 0.0, 0.0, 1.0, 0.0, 0.0, 0.0, 1.0]
projection_matrix:
  rows: 3
  cols: 4
  data: [294.506897, 0.0, 310.860465, 0.0, 0.0, 340.981812, 235.745412, 0.0, 0.0, 0.0, 1.0, 0.0]
