# oST version 5.0 parameters


[image]

width
640

height
480

[narrow_stereo]

camera matrix
391.945521 0.000000 312.385231
0.000000 392.323973 237.055134
0.000000 0.000000 1.000000

distortion
-0.297823 0.073415 0.000241 0.001744 0.000000

rectification
1.000000 0.000000 0.000000
0.000000 1.000000 0.000000
0.000000 0.000000 1.000000

projection
294.506897 0.000000 310.860465 0.000000
0.000000 340.981812 235.745412 0.000000
0.000000 0.000000 1.000000 0.000000

