image_width: 752
image_height: 480
camera_name: stereo_right
camera_matrix: !!opencv-matrix
  rows: 3
  cols: 3
  dt: d
  data: [363.517915, 0.0, 369.428623, 0.0, 363.845162, 246.840514, 0.0, 0.0, 1.0]
distortion_model: plumb_bob
distortion_coefficients: !!opencv-matrix
  rows: 1
  cols: 5
  dt: d
  data: [-0.25908, 0.051685, -0.001471, 0.000623, 0.0]
rectification_matrix: !!opencv-matrix
  rows: 3
  cols: 3
  dt: d
  data: [0.9998043,  -0.01614826, -0.01142801,        0.01621573,  0.99985149,  0.00583557,          0.01133207, -0.00601974,  0.99991767]
projection_matrix: !!opencv-matrix
  rows: 3
  cols: 4
  dt: d
  data: [222.16208507,    0.0,          366.27563953,    0.0,        0.0,          222.16208507,  244.81510353,    0.0,       0.0,            0.0,            1.0,            0.0]
