image_width: 640
image_height: 480
camera_topic: /camera/port/image_raw/compressed
camera_info_topic: /camera/port/camera_info
camera_matrix:
  rows: 3
  cols: 3
  dt: d
  data: [391.945521, 0.0, 312.385231, 0.0, 392.323973, 237.055134, 0.0, 0.0, 1.0]
distortion_model: plumb_bob
distortion_coefficients:
  rows: 1
  cols: 5
  dt: d
  data: [-0.297823, 0.073415, 0.000241, 0.001744, 0.0]
rectification_matrix: 
  rows: 3
  cols: 3
  dt: d
  data: [1.0, 0.0, 0.0, 0.0, 1.0, 0.0, 0.0, 0.0, 1.0]
projection_matrix: 
  rows: 3
  cols: 4
  dt: d
  data: [294.506897, 0.0, 310.860465, 0.0, 0.0, 340.981812, 235.745412, 0.0, 0.0, 0.0, 1.0, 0.0]
---
image_width: 640
image_height: 480
camera_topic: /camera/rear/image_raw/compressed
camera_info_topic: /camera/rear/camera_info
camera_matrix: 
  rows: 3
  cols: 3
  dt: d
  data: [364.57437, 0.0, 312.220798, 0.0, 365.109598, 240.989201, 0.0, 0.0, 1.0]
distortion_model: plumb_bob
distortion_coefficients: 
  rows: 1
  cols: 5
  dt: d
  data: [-0.282608, 0.066193, -0.002448, 0.001918, 0.0]
rectification_matrix: 
  rows: 3
  cols: 3
  dt: d
  data: [1.0, 0.0, 0.0, 0.0, 1.0, 0.0, 0.0, 0.0, 1.0]
projection_matrix: 
  rows: 3
  cols: 4
  dt: d
  data: [266.435486, 0.0, 311.820313, 0.0, 0.0, 312.110107, 238.695526, 0.0, 0.0, 0.0, 1.0, 0.0]
---
image_width: 640
image_height: 480
camera_name: upward
camera_topic: /camera/upward/image_raw/compressed
camera_info_topic: /camera/upward/camera_info
camera_matrix: 
  rows: 3
  cols: 3
  dt: d
  data: [369.157112, 0.0, 320.534017, 0.0, 369.312316, 236.714441, 0.0, 0.0, 1.0]
distortion_model: plumb_bob
distortion_coefficients: 
  rows: 1
  cols: 5
  dt: d
  data: [-0.294832, 0.075288, -0.001018, 0.001253, 0.0]
rectification_matrix: 
  rows: 3
  cols: 3
  dt: d
  data: [1.0, 0.0, 0.0, 0.0, 1.0, 0.0, 0.0, 0.0, 1.0]
projection_matrix: 
  rows: 3
  cols: 4
  dt: d
  data: [271.53299, 0.0, 323.084006, 0.0, 0.0, 314.952911, 234.051642, 0.0, 0.0, 0.0, 1.0, 0.0]
---
image_width: 640
image_height: 480
camera_name: starboard
camera_topic: /camera/starboard/image_raw/compressed
camera_info_topic: /camera/starboard/camera_info
camera_matrix: 
  rows: 3
  cols: 3
  dt: d
  data: [367.003109, 0.0, 308.429203, 0.0, 367.630866, 219.665808, 0.0, 0.0, 1.0]
distortion_model: plumb_bob
distortion_coefficients: 
  rows: 1
  cols: 5
  dt: d
  data: [-0.288511, 0.067405, -8.3e-05, 0.002205, 0.0]
rectification_matrix: 
  rows: 3
  cols: 3
  dt: d
  data: [1.0, 0.0, 0.0, 0.0, 1.0, 0.0, 0.0, 0.0, 1.0]
projection_matrix: 
  rows: 3
  cols: 4
  dt: d
  data: [265.814117, 0.0, 306.41333, 0.0, 0.0, 311.58316, 211.118469, 0.0, 0.0, 0.0, 1.0, 0.0]
---
image_width: 752
image_height: 480
camera_topic: /camera/stereo/left/image_color/compressed
camera_info_topic: /camera/stereo/left/camera_info
camera_matrix:
  rows: 3
  cols: 3
  dt: d
  data: [370.013128, 0.0, 376.019643, 0.0, 370.591069, 243.559521, 0.0, 0.0, 1.0]
distortion_model: plumb_bob
distortion_coefficients:
  rows: 1
  cols: 5
  dt: d
  data: [-0.266126, 0.053003, -0.001336, 0.000365, 0.0]
rectification_matrix: 
  rows: 3
  cols: 3
  dt: d
  data: [0.999999155, 0.00127084160, -0.000273096594, -0.00127243817, 0.999981621, -0.00592777542, 0.000265558311, 0.00592811791, 0.999982393]
projection_matrix: 
  rows: 3
  cols: 4
  dt: d
  data: [222.16208507,    0.0,          366.27563953,  -87.71566366,      0.0,          222.16208507,  244.81510353,    0.0        ,          0.0,            0.0,            1.0,            0.0   ]
---
image_width: 752
image_height: 480
camera_topic: /camera/stereo/right/image_color/compressed
camera_info_topic: /camera/stereo/right/camera_info
camera_matrix:
  rows: 3
  cols: 3
  dt: d
  data: [363.517915, 0.0, 369.428623, 0.0, 363.845162, 246.840514, 0.0, 0.0, 1.0]
distortion_model: plumb_bob
distortion_coefficients:
  rows: 1
  cols: 5
  dt: d
  data: [-0.25908, 0.051685, -0.001471, 0.000623, 0.0]
rectification_matrix:
  rows: 3
  cols: 3
  dt: d
  data: [0.9998043,  -0.01614826, -0.01142801,        0.01621573,  0.99985149,  0.00583557,          0.01133207, -0.00601974,  0.99991767]
projection_matrix:
  rows: 3
  cols: 4
  dt: d
  data: [222.16208507,    0.0,          366.27563953,    0.0,        0.0,          222.16208507,  244.81510353,    0.0,       0.0,            0.0,            1.0,            0.0]
