# oST version 5.0 parameters


[image]

width
752

height
480

[narrow_stereo/left]

camera matrix
359.858698 0.000000 390.030579
0.000000 361.776006 240.691735
0.000000 0.000000 1.000000

distortion
-0.255385 0.046835 -0.000404 -0.001742 0.000000

rectification
0.999877 -0.000156 -0.015685
0.000128 0.999998 -0.001801
0.015685 0.001799 0.999875

projection
332.770067 0.000000 412.229229 0.000000
0.000000 332.770067 241.834515 0.000000
0.000000 0.000000 1.000000 0.000000

# oST version 5.0 parameters


[image]

width
752

height
480

[narrow_stereo/right]

camera matrix
370.460855 0.000000 356.060855
0.000000 373.109151 244.435112
0.000000 0.000000 1.000000

distortion
-0.256124 0.048374 0.000797 0.003220 0.000000

rectification
0.996068 0.020259 -0.086248
-0.020104 0.999794 0.002671
0.086285 -0.000926 0.996270

projection
332.770067 0.000000 412.229229 -130.327256
0.000000 332.770067 241.834515 0.000000
0.000000 0.000000 1.000000 0.000000

