# oST version 5.0 parameters


[image]

width
640

height
480

[narrow_stereo]

camera matrix
369.157112 0.000000 320.534017
0.000000 369.312316 236.714441
0.000000 0.000000 1.000000

distortion
-0.294832 0.075288 -0.001018 0.001253 0.000000

rectification
1.000000 0.000000 0.000000
0.000000 1.000000 0.000000
0.000000 0.000000 1.000000

projection
271.532990 0.000000 323.084006 0.000000
0.000000 314.952911 234.051642 0.000000
0.000000 0.000000 1.000000 0.000000

