# oST version 5.0 parameters


[image]

width
752

height
480

[narrow_stereo]

camera matrix
363.517915 0.000000 369.428623
0.000000 363.845162 246.840514
0.000000 0.000000 1.000000

distortion
-0.259080 0.051685 -0.001471 0.000623 0.000000

rectification
1.000000 0.000000 0.000000
0.000000 1.000000 0.000000
0.000000 0.000000 1.000000

projection
254.404709 0.000000 371.890042 0.000000
0.000000 314.951965 247.525723 0.000000
0.000000 0.000000 1.000000 0.000000

